0 Author: LDraw
1 0 107 -14 0 1 0 0 0 1 0 0 0 1 4185.dat
1 0 89.679492 -24 -5 0 0.258819 0.965926 0 0.965926 -0.258819 -1 0 0 2780.dat
1 0 107 -34 -5 0 0.258819 0.965926 0 0.965926 -0.258819 -1 0 0 2780.dat
1 0 89.679492 -4 -6 0 0.258819 0.965926 0 0.965926 -0.258819 -1 0 0 2780.dat
1 0 124.320508 -4 -5 0 0.258819 0.965926 0 0.965926 -0.258819 -1 0 0 2780.dat
1 0 124.320508 -24 -5 0 0.258819 0.965926 0 0.965926 -0.258819 -1 0 0 2780.dat
1 0 107 6 -5 0 0.258819 0.965926 0 0.965926 -0.258819 -1 0 0 2780.dat
1 0 107 -14 10 1 0 0 0 1 0 0 0 1 4185.dat
0 STEP
1 0 117 -51.320508 -25 0 0.258819 0.965926 0 0.965926 -0.258819 -1 0 0 2780.dat
1 0 127 -68.641016 -25 0 0.258819 0.965926 0 0.965926 -0.258819 -1 0 0 2780.dat
1 0 134.320508 13.320508 -25 0 0.258819 0.965926 0 0.965926 -0.258819 -1 0 0 2780.dat
1 0 144.320508 30.641016 -25 0 0.258819 0.965926 0 0.965926 -0.258819 -1 0 0 2780.dat
1 0 69.679492 -4 -26 0 0.258819 0.965926 0 0.965926 -0.258819 -1 0 0 2780.dat
1 0 49.679492 -4 -26 0 0.258819 0.965926 0 0.965926 -0.258819 -1 0 0 2780.dat
1 14 29.679492 -4 -16 0 0 1 -1 0 0 0 -1 0 32140.dat
1 14 137 -85.961524 -15 0.866025 0 -0.5 0.5 0 0.866025 0 -1 0 32140.dat
1 14 154.320508 47.961524 -15 -0.866025 0 -0.5 0.5 0 -0.866025 0 -1 0 32140.dat
0 STEP
1 15 69.679492 -4 -36 0 1 0 -1 0 0 0 0 1 89509.dat
1 15 117 -51.320508 -35 0.866025 -0.5 0 0.5 0.866025 0 0 0 1 89509.dat
1 15 134.320508 13.320508 -35 -0.866025 -0.5 0 0.5 -0.866025 0 0 0 1 89509.dat
